5524	6018
3564	6017
3357	4760
3294	5066
2903	9082
2720	5028
2631	5062
2583	3170
2517	5250
2510	3169
2428	5029
2234	5059
2099	5065
2080	5685
2014	3168
1977	4729
1882	5031
1855	5282
1831	5405
1792	3390
1766	3398
1759	5027
1758	5251
1674	5265
1667	5026
1625	5422
1592	3536
1579	5042
1484	3852
1483	4392
1481	6016
1449	4740
1443	5032
1422	5234
1380	3533
1363	8218
1360	5406
1351	3502
1346	2857
1319	4391
1315	4272
1310	3535
1310	3399
1301	2315
1300	4798
1287	2858
1286	4722
1273	4297
1271	3166
1255	3466
1244	3537
1235	3503
1229	4320
1224	3850
1218	3534
1213	4937
1211	3528
1205	4415
1202	3400
1199	4796
1194	5858
1194	4855
1189	3482
1189	4274
1187	3530
1185	3540
1185	5417
1175	4644
1174	3475
1170	5161
1164	4817
1163	4850
1163	3529
1162	4813
1160	4856
1159	4818
1158	2548
1157	4809
1157	4318
1154	4309
1140	6014
1138	3459
1137	5045
1136	4296
1134	4807
1128	4939
1125	4292
1123	4815
1122	4879
1120	3403
1114	5008
1110	4288
1109	4331
1106	4828
1104	5061
1103	2603
1101	4811
1097	4361
1096	6015
1095	3538
1090	2654
1085	5003
1084	4851
1083	3451
1080	4370
1078	5030
1078	4286
1077	4799
1076	4330
1071	4854
1069	2856
1069	4819
1068	2649
1067	5067
1065	3467
1064	3490
1064	4310
1063	5827
1063	3401
1063	3590
1061	4820
1061	3389
1060	3532
1059	4790
1056	3531
1056	4802
1055	2645
1055	2843
1054	4857
1054	4414
1053	5007
1050	4822
1049	5006
1049	2651
1048	3349
1044	2644
1042	4387
1042	3539
1042	3452
1042	4042
1041	4316
1041	4460
1039	4515
1036	4367
1033	4452
1030	4459
1029	3504
1029	4858
1029	3402
1028	3404
1027	4276
1027	5235
1026	4846
1020	3522
1018	3416
1017	4372
1014	3510
1014	4332
1013	3496
1008	3335
1006	4832
1005	4461
1003	2636
1002	4735
1000	4273
999	2659
999	4870
999	2845
999	4279
998	4860
997	4451
996	2313
996	3497
995	5035
995	4284
993	3432
993	4712
990	3857
989	2653
989	4341
989	5793
988	3481
986	3526
983	3940
981	3326
979	4572
979	4242
977	4826
977	3458
976	3424
976	3346
975	4996
975	4281
975	6021
972	4941
971	3517
970	3336
968	3348
965	3353
965	2401
963	5620
963	3423
963	4861
961	4805
959	5010
959	4936
958	4256
957	4898
957	3527
956	4816
953	4283
952	4825
952	4938
950	4141
948	4801
947	4307
947	4365
947	3589
945	3334
944	5009
944	4951
942	3332
941	5735
940	3571
939	4864
939	4390
939	5389
939	4648
938	3360
936	3340
936	4710
936	3622
936	5325
934	4362
934	4823
933	2547
933	4317
932	4834
932	4804
932	2393
931	3310
930	4875
928	4287
926	6019
926	3357
926	3311
926	4299
925	4884
925	4952
924	4397
923	4646
920	4869
920	4649
920	4849
920	3342
920	3525
919	3337
919	4896
919	2650
917	2019
917	4800
917	5151
917	3347
916	4806
916	3541
915	2210
915	2626
914	4268
914	4374
914	2861
914	2648
913	4862
913	2615
913	4278
912	5002
912	6012
911	2844
910	3323
909	4797
908	3325
908	2338
907	3460
907	4294
907	4845
907	5568
907	3324
906	2647
906	4711
906	3397
906	4291
906	3408
905	4865
905	3524
904	3846
904	4847
904	2842
903	4169
903	3441
903	3317
902	2400
902	3509
902	4265
901	5564
900	2298
900	4652
900	3518
899	4877
897	4836
897	2652
895	5610
894	2634
894	4837
894	4859
893	4792
892	2640
892	4848
892	5005
891	4867
891	2300
891	2859
890	4839
889	2396
889	4709
889	3405
888	2663
888	4827
888	3851
888	4395
888	4794
887	2220
886	3661
886	3319
885	3611
885	2656
884	3542
884	2811
883	4829
881	4645
881	2402
880	3549
880	4289
880	4270
879	3322
878	3507
878	4302
878	2325
878	3391
878	3501
877	4998
877	3279
877	2226
876	3937
876	4824
876	3516
875	3356
874	3361
874	4943
873	4398
873	3362
872	5170
872	2635
872	4487
871	4866
871	5001
871	3354
871	4872
871	4734
871	3338
871	4364
870	3333
870	4458
870	3409
869	4447
868	4369
868	3591
868	4812
867	2312
867	2395
867	2241
865	3339
865	4795
865	4295
864	2244
864	3572
864	3415
863	5604
863	4290
863	4706
863	4676
863	4325
863	2549
862	3474
862	4333
861	2208
860	3443
860	4769
859	4342
859	4438
859	3547
859	3581
858	5019
857	2314
857	5391
856	2346
856	4707
856	2350
855	4371
855	4340
855	4808
855	3916
855	4282
854	5013
854	4263
852	4474
851	4396
851	4814
851	2816
851	4830
850	4399
850	4010
848	3167
848	5817
848	2399
848	5241
848	4962
847	3442
847	6013
846	4655
845	3662
844	5566
844	4695
844	4402
844	2696
843	3352
843	5068
842	4726
841	4871
841	3489
841	2292
841	4350
840	2351
840	3315
840	5041
839	2233
839	3341
839	5049
839	4771
839	4874
838	4186
837	3856
837	5596
836	2643
836	5294
836	4382
835	3450
835	5004
835	5152
835	5048
835	2709
834	2345
834	3330
833	4136
833	4742
833	4293
832	4853
832	2684
832	4765
832	5855
831	4394
831	3552
830	3849
830	4755
830	5063
830	2848
830	4844
829	2365
829	2324
829	3544
828	2863
828	4335
828	4895
827	4713
827	5044
827	4775
827	4873
826	4701
826	4133
825	3327
825	5603
825	2323
825	4889
825	4893
825	2211
824	5192
824	2361
824	4368
824	2661
824	4708
824	5025
824	3523
823	2209
823	4868
823	4777
823	3659
822	3366
822	2697
822	4643
822	5148
821	2222
821	2488
821	4663
820	4328
820	4571
820	3355
819	2243
819	3483
818	4878
818	4574
818	5607
817	5392
816	2216
816	3546
815	3551
814	2671
814	3570
814	4135
814	2631
814	5388
814	2865
814	4886
814	4863
814	2213
813	4685
813	3298
813	4090
813	5016
813	3700
812	4308
812	4744
812	4373
811	4838
811	2238
810	4513
810	2616
810	2406
810	3487
809	4763
809	4690
809	2812
808	3548
808	4905
808	3601
807	4833
807	4944
807	5046
807	3684
807	5018
807	2354
807	4715
806	3614
806	5011
806	4683
805	2657
804	2275
804	3313
804	3281
804	4094
804	2655
804	3615
803	4999
803	3331
803	3600
803	5020
803	4258
803	3368
802	4517
802	4688
802	4730
801	4575
801	4351
801	3612
801	3848
801	4705
801	4940
800	4787
800	5589
800	4363
800	4831
800	3431
800	3505
799	2246
799	4241
798	4773
798	4500
798	4324
797	4983
797	4793
797	3488
796	4725
796	2214
795	4389
795	3345
794	3498
794	4647
793	2864
793	2331
793	4955
793	3473
793	2670
792	3520
792	2403
791	5561
790	2677
790	5624
790	2224
789	2229
789	5595
789	5000
789	3545
788	4298
787	2320
787	4651
787	3396
786	2866
785	3465
785	3563
785	4946
784	5056
784	3386
783	4658
783	4700
782	4721
782	2625
782	2322
781	3385
781	2297
781	3392
781	4260
781	4981
780	2646
780	2678
780	4694
780	4239
779	4942
779	4400
779	4456
779	3359
779	2217
779	3414
778	4326
778	5012
778	3476
778	2813
778	4384
778	3329
778	4664
778	5043
777	4137
777	4748
777	4654
777	2852
776	4388
776	5246
776	4164
776	4959
776	2236
776	2383
776	2860
775	3307
775	3363
775	4728
774	3320
774	5055
774	5606
773	4881
773	3613
773	5047
773	3550
773	4377
772	2242
772	4366
771	2239
771	3318
771	5598
771	5057
771	4334
770	3351
770	3599
769	2356
769	4994
769	3350
769	4791
769	3519
769	4732
768	4723
768	2330
768	4657
768	2690
768	4271
767	3263
767	3308
767	4343
767	4762
767	4737
767	2610
766	2397
766	4660
766	2642
766	2316
765	2334
764	4733
764	4385
763	2308
762	4353
762	3479
762	3321
762	2347
761	4764
761	2545
761	2375
761	4300
761	4501
760	4738
760	4449
760	3377
760	5658
760	2355
760	5584
759	3312
759	4348
759	4174
759	4462
758	3343
758	5996
757	3444
757	4352
757	5172
756	4821
756	5051
755	4673
755	4261
755	2255
755	3698
755	5897
754	4675
754	2349
754	3407
754	4945
754	4888
754	4966
752	4576
752	3406
752	5842
752	4667
752	5014
751	3393
751	4897
751	3508
750	3660
750	2321
749	2340
749	3316
748	4882
748	2228
748	3364
748	5587
747	5060
747	4995
747	4843
747	4724
747	4386
746	2247
746	3277
746	5175
746	2234
746	4329
745	5558
745	4423
745	4277
745	4375
745	4567
745	4463
745	3201
745	2358
745	2302
745	2551
744	4280
744	4642
744	2703
743	4303
743	5039
743	3663
743	3371
743	5408
743	5592
742	2232
742	5661
742	4526
742	4717
741	4696
740	3425
740	4339
740	8921
740	3274
740	4315
740	4900
738	4788
738	2398
738	4731
738	2394
738	4409
738	3365
738	2620
737	5415
737	4785
737	2352
736	2708
736	5052
735	4997
735	4379
735	3314
735	3891
734	2546
734	2609
733	2711
733	2225
733	3480
732	4720
732	4967
732	2303
732	5357
732	2279
732	4407
732	3309
732	5563
731	4650
731	5058
731	3477
730	2519
730	3543
730	2658
730	2683
729	4684
729	4766
729	2639
729	4978
729	3328
729	3650
729	4223
729	2293
728	3344
728	3419
727	3515
727	3378
727	3638
727	2621
726	2810
726	2378
726	2223
725	2660
725	4876
725	4759
724	4404
724	4178
724	4424
724	5053
723	5231
723	3491
723	2550
723	4682
723	4393
723	2869
723	4691
723	3844
723	4182
722	3370
722	4427
722	5660
721	4380
721	2357
721	4887
721	2296
721	2604
721	2333
721	2294
720	3375
720	3471
720	5770
719	2392
719	2326
719	2573
718	2500
718	4401
718	4416
718	4116
718	4098
718	2276
717	4321
717	3284
717	5069
716	3485
715	5622
715	5602
715	3275
714	2235
714	6010
713	5162
713	3367
713	5635
713	2252
713	4686
713	2641
713	8150
713	4580
713	4413
712	5164
712	4604
712	2405
711	4662
711	4669
711	2851
711	4471
710	4961
710	5617
710	2630
710	5867
710	4776
710	2248
709	4779
709	3562
709	4964
709	2329
709	5700
709	4457
708	3512
708	5579
708	4751
708	4718
708	4984
708	2319
708	4810
707	2850
707	5548
707	2219
706	4412
706	5054
706	4163
706	4698
705	4689
705	5050
705	2230
705	3767
705	4953
704	4719
704	2666
704	2376
704	3273
704	3413
704	3358
704	4319
703	5559
703	4419
703	5637
703	5555
703	3280
703	3433
703	4693
703	4883
702	4736
702	4678
702	4703
702	3847
701	3521
701	4275
701	3554
700	4322
700	4529
700	5826
700	4653
700	2286
700	2212
700	2386
700	2377
699	3410
699	2512
699	3673
699	2382
699	4954
699	4989
699	2348
699	4697
699	3579
698	2871
698	2870
698	5853
698	5021
698	3623
698	3288
698	2227
697	5182
697	3276
697	5126
697	2353
697	3394
697	2360
697	2815
696	5854
696	4411
696	4347
696	4835
695	4746
695	3285
695	5145
695	4840
694	3306
694	5601
694	2817
693	5064
693	5600
693	2221
693	2818
693	2557
693	3297
692	5191
692	2489
692	2332
692	4093
691	3933
691	2299
691	2672
691	2796
691	3301
691	4803
691	2821
690	5101
690	4017
690	2665
690	2849
689	4947
689	2404
689	4767
689	5861
689	5022
689	2289
689	5015
688	3387
688	3979
688	4499
688	2499
688	2710
688	3894
688	4789
688	4774
688	4743
687	4786
687	3372
687	2862
687	2215
687	3893
687	2341
687	2245
687	2432
687	2691
687	3649
687	3269
686	4885
686	4444
686	5611
686	5290
686	4486
686	3478
686	5099
686	4219
685	4593
685	5169
685	5570
685	2344
685	2807
684	4354
684	3439
684	2532
684	2633
684	2627
684	2419
683	3295
683	5188
683	4987
683	2556
683	2253
683	2328
683	4439
683	4671
683	4484
683	4758
683	2682
683	2425
683	2867
683	3902
682	4244
682	3651
682	4231
682	3672
682	5023
682	5623
682	2808
682	4960
681	4149
681	5544
680	3278
680	3420
680	2305
680	4778
680	5090
679	2379
679	3209
679	2846
679	2664
679	2496
679	2311
679	5424
678	4985
678	4528
678	2336
678	5077
678	2429
677	3376
677	4969
677	4659
677	2249
677	3036
677	2368
677	2339
677	2291
677	5649
676	4437
676	3139
676	5171
676	3495
676	5593
675	2318
675	5038
675	2240
675	2702
675	4727
675	2839
675	5621
675	5821
675	4745
675	4403
674	2868
674	3299
674	3854
674	3293
674	4345
674	2288
674	2835
674	4376
673	2853
673	4266
673	3569
673	5037
673	5545
673	2374
673	4674
673	4747
673	2359
672	3648
672	4285
672	5554
672	4899
672	2231
672	4975
672	4516
671	2493
671	2366
671	2679
671	4498
671	4410
671	5125
671	4450
671	3494
670	4904
670	4891
670	5237
670	3158
670	5877
670	2504
670	2335
669	4992
669	5094
669	5097
669	3683
669	5193
669	4594
669	4168
669	5750
669	5073
669	4472
668	5634
668	3292
668	3553
667	2662
667	2304
667	3412
666	4338
666	3493
666	3696
665	3282
665	5185
665	5105
665	2520
664	5833
664	5562
664	3499
664	4251
664	5615
664	2362
663	4433
663	3749
663	5233
663	3785
663	5229
663	4880
662	4234
662	2256
662	2218
662	3296
662	3500
662	3142
662	4661
661	5809
661	2422
661	5588
661	4670
661	4481
661	4902
661	4358
660	5464
660	3620
660	3256
660	4687
660	2790
660	3511
660	2370
660	4583
660	4784
659	5688
659	3697
659	8206
659	4702
659	4630
659	4656
659	4577
659	3585
659	2257
659	2495
658	4112
658	2580
658	3440
658	3418
658	5093
658	4971
657	4253
657	2250
657	3248
657	2814
657	2337
657	2363
657	5348
657	4977
656	2840
656	2251
656	4344
656	4956
656	4383
655	4511
655	4197
655	2258
655	5124
655	3270
654	2369
654	4097
654	4704
654	5206
654	2503
654	4483
654	3449
654	3140
654	5594
653	3919
653	5131
652	4360
652	4229
652	2364
652	2502
652	3773
652	2486
652	2617
651	2589
651	3438
651	5107
650	3596
649	4453
649	4986
649	2789
649	5129
649	2018
649	3448
649	2707
649	4446
649	4007
649	4569
649	4619
649	3257
649	4894
648	3079
648	3670
648	3395
648	5686
648	2237
647	2414
647	5324
647	4448
647	2410
647	5136
647	4473
646	4716
646	5072
646	4314
646	5693
646	5636
646	4754
646	2685
646	4408
645	4739
645	3305
645	5822
645	2847
645	2384
644	5870
644	5651
644	4220
644	3760
644	4768
644	3472
643	5024
643	5203
643	5567
643	4445
643	3271
643	3287
643	2740
642	3936
642	5599
642	2497
642	5860
642	2638
642	5033
642	2409
641	4640
641	5999
641	3291
640	2287
640	4741
640	5078
640	4030
640	4305
640	3463
640	3286
640	2380
639	3456
639	4692
639	3682
639	2301
638	2795
638	2798
638	3462
638	4665
638	5409
638	4781
638	3388
638	5074
638	3294
638	3304
638	2885
637	2367
637	4313
637	4595
637	4783
637	2309
637	2695
637	2854
637	5625
637	4637
637	3202
636	4782
636	5245
636	4606
636	4259
636	5256
636	5323
635	4524
635	5174
635	5520
635	2855
635	4428
635	5546
635	5100
634	2327
634	2498
634	2513
633	3561
633	5543
633	4381
633	4514
632	5034
632	2306
632	3300
632	4666
632	3845
631	5481
631	3586
631	2501
630	4620
630	2295
630	2820
630	5626
630	2439
629	4418
629	3141
629	4617
629	5684
629	3217
629	2277
628	4443
628	4323
628	4679
628	3144
628	5070
628	2290
628	4139
628	2629
627	5106
627	5102
627	4488
627	2407
627	2437
627	2824
627	5869
626	4892
626	4958
625	4485
625	3461
625	3426
625	4933
625	5118
625	5163
625	2809
624	3573
624	4327
624	4988
624	3081
624	4359
624	5581
624	4455
624	3379
624	3421
623	4190
623	5597
623	5477
623	3602
623	5040
623	2797
623	2485
623	5149
623	5513
623	3915
622	5071
622	2689
622	4935
622	4570
622	2494
622	3869
622	2819
622	5638
622	3232
622	5146
622	5082
621	2273
621	2385
621	2673
621	4236
621	2259
621	4677
621	4349
621	3576
620	4336
620	4681
619	3369
619	4990
619	4337
619	5243
619	3411
619	2822
619	3454
619	2628
619	5103
619	3943
619	2619
618	4963
618	3143
618	4476
618	5114
618	5283
618	5549
618	3203
618	3564
617	4934
617	4479
617	5239
617	2492
617	3210
617	4965
617	3159
617	4991
617	2995
617	3486
616	2596
616	2387
616	4842
616	4406
615	2372
615	2317
615	5155
615	3582
615	4482
615	3621
614	4972
614	2487
614	3373
614	4527
614	3453
613	2637
613	4346
613	5475
613	5086
612	5144
612	4440
612	2830
612	2516
612	3417
612	3913
611	4269
611	2771
611	3384
611	2715
611	3290
611	4502
610	5098
610	5862
610	2667
610	5190
610	5812
609	3469
609	5401
609	5761
609	2669
609	4057
609	2371
609	4425
608	5081
608	2949
608	2491
608	5289
608	4167
607	2544
607	3882
607	5576
607	2507
607	5880
606	2825
606	5687
606	4756
606	3636
606	4780
606	2794
606	5550
605	2680
605	2588
605	3302
605	2876
605	2415
605	3464
605	2675
604	3922
604	2373
604	5238
604	2533
604	5878
604	4115
604	4714
604	4311
604	5848
603	2687
603	3484
603	3457
603	2805
603	3262
602	3249
602	3241
602	3656
602	4699
602	5659
602	5147
602	5572
602	4770
602	2254
602	5608
602	4901
601	5502
600	2423
600	3998
599	2582
599	2342
599	4420
599	5682
598	3580
598	3146
598	3233
598	2799
598	4772
597	3422
597	5080
597	4668
597	5811
597	3879
597	5663
597	2505
597	4506
597	8151
596	3559
596	3574
596	5473
595	5075
595	2285
595	3853
595	3430
595	3200
595	5017
595	8825
594	3383
594	2800
594	2686
594	2676
594	2595
594	5208
594	4441
594	4436
594	4422
594	3193
594	4089
594	8213
593	2841
593	5553
593	4255
593	5752
593	3506
593	2271
593	2887
593	3234
593	4585
593	3374
593	2725
593	3616
592	5998
592	5825
592	3035
592	5560
592	2717
591	4355
591	5095
591	2390
591	2518
590	4228
590	5186
589	3470
589	2622
589	3303
589	5228
589	2484
588	4761
588	3514
587	2694
587	5418
587	3104
587	4982
587	3513
587	2704
587	4226
587	5036
586	4752
586	4405
586	2282
586	9077
585	4356
585	5537
585	5141
584	3769
584	5178
584	5489
584	2741
584	4979
584	3380
584	2537
584	5120
583	2826
583	3995
583	2430
583	2784
583	2343
582	4589
582	3934
582	2716
582	4038
582	4061
582	4246
581	5150
581	4974
581	3609
581	3982
580	2542
580	5479
580	3892
580	2829
580	5526
580	4508
580	5352
579	5135
579	3675
579	4584
578	5753
578	4304
578	5696
578	3382
578	2831
578	2946
578	3992
578	3080
577	3255
577	4153
577	3905
577	3766
577	5226
577	5154
577	2281
577	5872
577	4092
576	2574
576	3972
576	2786
576	5085
576	4615
576	4518
575	4143
575	3597
575	5518
575	2590
575	3664
575	2555
575	4600
574	3764
574	4435
574	2692
574	4489
574	3587
574	4950
573	2581
573	2310
573	5471
573	5159
573	2506
572	5680
572	4085
572	3468
572	3455
572	5156
572	2272
572	2552
572	4957
571	4973
571	5815
571	2802
570	2260
570	5139
570	5639
570	4225
570	2413
569	2899
569	5879
569	5866
569	2606
569	2566
569	5776
569	3593
568	3566
568	4503
568	3770
568	2270
568	5577
568	5843
568	3985
568	3216
568	3988
568	2307
568	5117
568	4252
568	5517
568	5116
568	4976
567	2873
567	5876
567	4638
566	5791
566	4306
566	5814
566	5664
566	2283
566	4948
566	2618
566	2515
565	4538
565	5690
565	4084
565	4468
564	5875
564	5451
564	5844
564	5184
564	4641
564	3945
564	2564
564	4209
564	4130
563	5845
563	8712
563	4166
563	2561
563	4639
562	5167
562	8813
562	5509
562	5741
561	2632
561	5571
561	3825
561	5321
561	2421
561	5380
561	5079
561	4590
560	4431
560	2779
560	4145
560	4421
560	3634
560	3492
559	2444
559	3129
559	5487
559	2823
559	4417
559	2773
559	5536
559	5755
558	2597
558	5108
558	2623
558	4016
558	2278
558	2723
558	4586
558	3779
558	4496
558	5823
558	5207
557	2806
557	4475
557	5829
557	3283
557	2572
557	5087
557	4536
557	5591
557	5765
557	2468
556	4081
556	4025
556	2558
556	4054
556	2490
556	8588
556	2614
556	5748
556	5605
556	4065
556	5485
556	5818
556	3701
556	3911
555	2531
555	4573
555	5199
555	4470
555	2472
555	5743
555	2408
554	3699
554	5874
554	2509
554	3969
554	3901
554	3436
554	4579
553	2611
553	5140
553	3971
553	4568
553	4523
553	3610
553	5859
553	5830
553	5645
553	5586
552	5084
552	5195
552	2951
552	2539
552	4312
552	5522
551	2772
551	5865
551	3898
551	3568
551	5179
551	3914
550	5123
550	2517
550	5166
550	5160
550	3986
550	3949
550	8292
550	3643
550	5863
550	5847
549	2514
549	5820
549	3903
549	4267
549	5850
549	3427
548	4050
548	8117
548	3147
548	3592
547	5795
547	2832
547	5991
547	3583
547	3095
547	5510
547	3088
547	2681
547	4432
547	5618
547	3446
547	2803
546	2381
546	4058
546	3066
546	2538
546	5798
546	3138
545	4909
545	2284
545	2778
545	5110
545	2827
545	2834
545	5681
545	5654
544	2479
544	3289
544	4970
544	4123
544	2828
544	3685
544	4102
544	8108
544	5076
544	4566
544	5142
544	3272
543	5260
543	8641
543	5176
543	4357
543	8808
543	2553
543	2624
542	5212
542	5482
542	5828
542	3435
542	4105
542	4480
541	5631
541	4119
541	5104
541	2482
541	5347
541	5395
541	2431
541	5871
541	5881
540	2274
540	5836
540	8827
540	2426
540	2524
540	5153
540	2668
540	4522
539	3667
539	5868
539	3833
539	5091
539	4189
539	4596
539	3555
539	2511
539	5628
539	2836
539	5569
539	3208
539	2897
538	3908
538	5857
538	3918
537	5613
537	4598
537	3133
537	5236
537	3929
537	3887
537	2445
537	2872
537	3899
536	8829
536	5652
536	3175
535	4429
535	4588
535	4890
535	4161
535	3578
535	4931
535	4013
535	3437
535	2420
535	2612
535	5362
534	5737
534	2554
534	4077
534	3989
534	4749
534	2613
534	3381
533	4015
533	4140
533	4507
533	2939
533	2477
533	4222
532	2418
532	3828
532	4494
532	5138
532	4053
531	2508
531	4062
531	4601
531	5747
531	5493
531	4519
531	5614
530	2947
530	4019
530	2875
530	3588
530	3702
530	2758
530	5416
530	4980
529	4157
529	5813
529	8149
529	2471
529	3223
529	4578
529	8816
529	4993
529	3723
529	2674
528	3148
528	4430
528	2440
528	2838
528	5727
528	3671
528	2521
528	4618
527	2438
527	5653
527	3896
527	5476
527	2261
527	5754
527	2483
527	5133
527	4510
527	4493
527	5092
526	3909
526	4492
526	4185
526	2535
526	3565
526	2801
526	8831
526	3778
526	2884
526	6011
526	5646
525	3556
525	5729
525	5225
525	5088
524	5816
524	2878
524	5697
524	3032
524	3653
524	4434
523	4631
523	5733
523	5808
522	4184
522	4067
522	5358
522	5694
522	5644
522	4968
522	2411
522	3926
522	2874
522	5112
522	3890
522	2693
521	2608
521	3912
521	4530
521	5882
521	3965
521	5284
521	4301
521	5792
520	3428
520	4591
520	3082
520	2417
520	3134
520	4597
520	3640
519	3654
519	3130
519	4465
519	2607
519	4202
519	2467
519	2412
519	5511
519	5756
518	5113
518	3975
518	3925
518	5834
518	5130
518	3633
517	4623
517	2464
517	3149
517	4753
517	3646
517	3261
517	8815
517	3192
517	3885
517	5353
516	4173
516	2749
516	2543
516	4201
516	5787
516	3447
516	2877
516	4144
516	4520
516	5585
516	3268
515	4188
515	5873
515	4454
515	5134
515	3763
515	2788
515	5565
514	3567
514	2712
514	2706
514	5128
514	5247
514	2280
513	5762
513	3647
513	2787
513	2510
513	4917
513	5222
513	3560
513	2565
512	2837
512	3242
512	3033
512	8100
512	5535
512	3065
512	2480
511	4249
511	3131
511	3064
511	3127
511	8579
511	4903
511	2526
511	3194
511	2804
511	5115
511	8818
510	5799
510	3619
510	3677
510	2898
510	5647
510	4247
510	4138
509	3639
509	3686
509	2474
509	5297
509	5650
509	3886
509	4541
509	5143
509	2389
509	2941
509	3783
508	3665
508	2481
507	3941
507	2780
507	5496
507	4525
507	8293
506	2466
506	5736
506	4582
506	4531
506	4540
506	2953
506	2563
506	5699
505	4172
505	4603
505	2416
505	4176
505	4008
505	5695
505	5552
505	3669
505	3055
504	3174
504	4509
504	4063
504	2879
504	5796
504	8662
504	3750
503	2785
503	3906
503	4532
503	8853
503	2469
503	5683
502	2449
502	2896
502	2427
502	5851
502	5428
502	5852
502	8653
502	5995
502	8823
501	5539
501	5429
501	5997
501	8819
501	3099
500	3657
500	3137
500	4088
500	2781
500	5701
500	5742
500	5215
500	4672
500	4521
500	4426
499	2602
499	5494
499	2476
499	2769
499	3897
499	2945
499	3250
498	2989
498	4477
498	3777
498	3034
498	3836
498	5198
497	2592
497	3090
497	8533
497	4165
497	4121
497	5667
497	5734
497	5831
497	2585
497	8826
497	5381
497	2950
497	5724
497	2757
497	5089
496	5157
496	8728
496	8201
496	2391
495	3125
495	4014
495	5785
495	7436
495	3429
495	5775
494	4442
494	5764
494	5819
494	5180
494	3184
494	5533
494	5211
493	8307
493	5158
493	4581
493	8664
493	4240
493	4245
493	4910
493	3962
493	5205
493	4632
493	4512
493	5573
493	4086
493	3196
493	2793
492	2473
492	5281
492	4491
492	8809
492	3098
492	4009
491	2724
491	8715
491	3105
491	4095
490	4001
490	4497
490	8157
490	5498
490	5443
490	5394
490	5187
490	3224
490	4205
490	8599
490	4616
490	4911
490	4264
489	3831
489	2767
489	8589
489	3558
488	4004
488	5470
488	8800
488	2478
488	2428
488	2750
488	3889
488	5619
488	3026
487	5806
487	3434
487	3185
487	8603
487	5766
487	3073
487	5096
487	3876
487	4160
487	2833
486	2465
486	5209
486	5758
486	5521
486	4012
486	5807
486	5789
485	3153
485	5515
485	3575
485	4208
485	5127
485	3884
485	5196
484	2688
484	4478
484	4020
484	3097
484	4215
484	4608
484	4610
484	5751
484	3637
484	4198
484	8834
484	4194
484	3635
484	2593
483	4535
483	5674
483	8637
483	5524
483	3108
483	3868
483	4021
483	4035
483	2583
483	5665
482	4120
482	3124
482	5201
482	3083
482	5749
482	2944
482	3668
482	4108
481	5769
481	2713
481	8160
481	3135
481	5319
481	5503
481	4068
480	8820
480	8814
480	3584
480	5204
479	2906
479	3025
479	4045
479	5349
479	4378
479	3078
479	4029
479	4046
479	2470
479	3132
479	2886
478	5210
478	3839
478	4906
477	3183
477	5359
477	2599
477	3094
477	4680
477	2525
477	5122
477	8154
477	5627
476	8856
476	2969
476	4852
476	5224
476	5218
476	5345
476	5583
476	5781
475	3645
475	3074
475	5446
475	2522
475	3047
475	4005
475	8241
474	4533
474	4553
474	3888
474	8202
474	3984
474	5538
473	5232
473	5994
473	8642
473	5641
473	5632
472	8953
472	3072
472	2605
472	5578
472	5483
472	8153
471	3577
471	5189
471	3247
471	5580
471	3231
471	2732
471	3598
471	5467
470	5132
470	5240
470	2433
470	4628
470	5403
470	5739
470	3240
470	5121
470	3608
470	3987
470	2705
469	2888
469	4563
469	5183
469	3678
469	5609
469	8132
469	5508
469	8224
469	2714
468	8817
468	5760
468	8807
468	5864
467	3445
467	3557
467	8796
467	2991
467	5497
467	3150
467	8562
467	4064
467	5835
467	5480
467	5541
467	8163
466	5220
466	5800
466	5181
466	3214
465	5119
465	5504
465	2207
465	5849
465	5264
465	2584
465	3151
465	5777
465	5726
465	4551
465	4587
464	5840
464	3860
464	4031
464	2978
464	4211
464	4467
464	5856
464	2791
464	5512
464	4912
463	5495
463	5407
463	2540
463	4181
463	2699
463	5648
463	4464
463	4592
462	3968
462	8806
462	3875
462	5542
462	4629
462	8828
462	3867
461	5810
461	5491
461	4612
461	4605
461	4254
461	4213
461	4028
461	4262
460	3152
460	3935
460	5551
460	3855
460	5774
460	2701
460	4056
460	3595
459	8104
459	8714
459	3978
459	3863
459	4922
458	5486
458	3841
458	2559
458	4626
457	4557
457	3907
457	5230
457	4118
457	5642
457	2441
457	5469
457	5466
457	2575
457	8858
457	5177
456	2452
456	5202
456	5846
456	5803
456	5797
456	3259
456	5788
456	8663
456	5173
455	3688
455	4634
455	4221
455	3895
455	2765
455	8205
455	3264
455	5689
455	8178
455	4114
455	3674
455	3780
455	2475
455	5575
454	3690
453	3928
453	3991
453	8606
453	3057
453	2881
453	2463
453	5320
453	4080
453	3604
453	3089
452	3206
452	5698
452	8832
452	5671
452	3748
452	5501
452	8290
452	4216
452	2541
452	2571
452	3076
452	3900
452	8600
452	2997
452	4132
451	3866
451	3994
451	2601
451	2948
451	3207
451	4230
451	3128
451	5318
451	3605
451	3957
450	3117
450	3642
450	5773
450	2009
450	3617
450	5463
450	3084
450	8734
449	2442
449	8598
449	4257
449	8155
449	5778
449	5547
449	4096
449	5454
449	3603
448	5745
448	8852
448	3630
448	2600
448	3861
448	8601
448	8704
448	4134
448	4003
448	5355
447	5219
447	4495
447	2882
447	3046
447	8152
447	8214
447	8570
447	4238
447	8231
447	5249
446	3719
446	4627
446	3658
446	8804
446	8789
446	8554
445	3204
445	2792
445	8708
445	2766
444	8713
444	8730
444	5691
444	5083
444	3085
444	5824
444	2967
444	5744
443	5468
443	4192
443	3126
443	5662
443	2586
442	2424
442	4177
442	5111
442	8116
442	3594
442	5801
442	5786
442	3254
441	5772
441	3755
441	2560
441	3221
441	8217
441	2698
441	5221
441	5783
441	8200
440	2774
440	3145
440	2764
440	4072
440	3014
440	5109
440	5385
440	4024
440	3038
440	2435
440	2457
440	4113
439	5197
439	5165
439	3948
439	5516
439	5702
439	3037
438	5992
438	8291
438	4087
438	5525
438	5725
438	2783
438	5449
438	5462
438	5784
438	2579
437	3953
437	8822
437	5363
437	2726
437	8298
437	5804
436	5343
436	8242
436	5780
436	2450
436	2734
436	2751
436	3666
436	5326
435	8604
435	5556
435	8602
435	3056
435	4609
435	3726
434	8207
434	2523
434	2570
434	3267
434	3652
434	2536
434	8296
434	2992
434	5474
433	5534
433	3024
433	2974
433	5273
433	5356
433	2883
433	8455
433	8595
432	3966
432	4490
432	2448
432	2591
432	3176
432	4602
432	2700
432	8146
431	3077
431	8727
431	8805
431	5227
431	3695
430	3120
430	8697
430	5763
430	3013
430	4545
430	3109
430	3235
430	8550
430	4111
430	3121
430	3101
429	2456
429	4919
429	6009
429	8862
429	5371
429	5340
429	4539
429	3904
429	4204
429	3230
429	5717
429	2943
428	8658
428	5351
428	5214
428	8299
428	4622
428	4060
428	5242
427	8306
427	5368
427	8236
427	4607
427	2880
427	8646
427	5640
427	3017
427	4076
426	5295
426	5455
426	5450
426	8812
426	4624
426	8556
426	2979
426	5168
426	8295
426	3983
425	3030
425	2530
425	5759
425	5404
425	5723
425	2900
425	4171
425	2739
424	5507
424	3245
424	4051
424	3100
424	5341
424	8701
424	3924
424	5673
424	4099
424	5993
424	5213
424	4101
423	8709
423	5730
423	5360
423	3045
423	5499
423	3218
423	4146
423	2434
423	3930
423	8649
423	3243
423	4469
423	8196
423	2775
423	2895
422	3960
422	3258
422	2762
422	5514
422	2587
422	2889
422	3859
422	3618
422	3981
422	2980
422	2759
422	3071
421	2892
421	3075
421	3220
421	8174
421	2577
421	5506
421	8118
421	3199
421	3824
421	5740
421	5731
421	4159
420	4127
420	3054
420	8526
420	2747
420	2447
420	5794
420	8575
419	8798
419	5590
419	5448
418	3154
418	3215
418	3198
418	3225
418	8119
418	5346
418	8644
417	5574
417	3236
417	4107
417	5344
417	3160
417	3092
416	4212
416	2436
416	3993
416	2756
416	8738
416	3810
416	4196
416	8799
416	2993
416	3053
416	3171
415	3252
415	3864
415	5505
415	5369
415	3246
415	3997
415	4011
415	8695
415	8195
415	5350
414	8643
414	5421
414	3838
414	8584
414	3086
414	4052
414	3967
414	3239
413	5458
413	8148
413	3096
413	8555
413	3680
412	3213
412	3122
412	3768
412	4625
412	4599
411	3118
411	5728
411	3947
411	3877
411	2598
411	4505
411	8237
411	3237
411	3093
410	5217
410	8596
410	8655
410	3106
410	8868
410	5841
410	8518
410	5616
409	5805
409	2940
409	4044
409	8621
409	3835
408	5137
408	3212
408	2971
408	8199
408	4070
408	5746
407	3814
407	5194
407	4162
407	5732
407	3974
407	3807
406	4613
406	5361
406	2534
406	3782
406	2755
406	2567
406	8122
406	5540
406	3015
406	3921
406	3001
405	8114
405	3190
405	8857
405	8106
405	5364
405	4071
405	2453
405	2528
405	4907
405	3676
405	3784
405	8830
404	3165
404	4049
404	2952
404	3110
404	3003
404	8545
404	8543
404	4006
403	2578
403	3251
403	3920
403	4217
403	5656
403	5679
403	3939
403	8204
403	5678
403	8110
403	8855
403	3052
402	8194
402	3964
402	3832
402	2938
402	4034
402	5277
402	2933
402	2576
402	4079
402	4232
401	2458
401	3004
401	3136
401	4543
401	3195
401	2569
401	8559
401	8126
401	3157
400	3827
400	4504
400	5375
400	8209
400	3917
400	4233
400	8456
400	8660
399	5223
399	5500
399	3644
399	8548
399	5253
399	3008
398	4621
398	5832
398	2753
398	5523
398	8791
398	4534
398	5459
398	3091
397	4614
397	8797
397	2942
397	8302
397	5490
396	4949
396	8729
396	4227
396	5453
396	3606
395	8638
395	4122
395	4041
395	5269
395	8215
395	3260
394	5354
394	5291
394	8289
394	3238
394	3253
393	5672
393	5414
393	5431
393	8585
393	5461
393	2006
393	5531
393	5720
392	8736
392	8156
392	2459
392	4636
392	2562
392	7447
391	4000
391	2451
391	5630
391	2998
391	8636
391	2568
391	4757
391	3693
391	8810
390	8952
390	8171
390	5322
390	2443
389	3067
389	5655
389	2776
389	8716
389	8739
389	5472
389	4110
389	3266
389	2981
388	2890
388	4083
388	4037
388	3872
388	5293
388	3829
388	4544
388	3881
387	8711
387	4002
387	8147
387	3087
387	8696
387	5447
387	3103
386	3070
386	8517
386	3197
386	5782
386	5366
385	5771
385	5779
385	5612
385	3754
385	4129
385	5268
385	4180
385	3069
384	2763
384	3048
384	8652
384	8102
384	8103
383	3624
383	5314
383	8304
383	3211
383	8618
383	8788
383	8294
383	5411
382	8801
382	8531
382	8861
382	8454
382	8311
382	3115
382	8120
381	3830
381	4126
381	3774
381	3063
381	2970
381	2721
380	8520
380	8530
380	2594
380	8667
380	4207
380	2915
380	2999
380	3705
379	3753
379	5200
379	3990
379	5432
379	3226
379	5527
379	3732
379	2958
378	8839
378	8648
378	8140
378	4248
378	4555
378	8219
378	3747
378	4466
377	3265
377	5426
377	3002
377	5393
377	4537
377	5519
377	8121
377	3028
377	5423
377	4920
376	3826
376	3205
376	3952
376	3062
376	5839
375	8651
375	3111
375	3188
375	8705
375	8542
375	3112
375	3219
375	8735
375	3021
375	5715
375	4218
375	8513
375	3679
374	8229
374	5716
374	5643
374	3107
374	3871
374	2959
374	5399
374	5397
374	2738
373	4018
373	5390
373	8109
373	9005
373	8558
373	4921
373	2527
373	3023
372	2782
372	3956
372	3781
372	8794
372	2968
372	8682
372	8676
371	3878
371	3923
371	8450
371	8113
371	3102
370	8802
370	8453
370	5719
370	2460
370	8243
370	8203
370	5582
370	8720
370	4243
369	2005
369	3051
369	8583
369	4556
369	5710
368	2777
368	8566
368	3114
368	3932
368	3840
368	4562
368	2934
368	5722
368	3222
367	3016
367	5433
367	5285
367	8628
367	3060
367	3005
367	4036
367	3752
366	8565
366	3058
366	8645
366	3711
366	8573
366	4158
366	8675
366	4547
366	3191
366	2910
365	4554
365	5377
364	2529
364	8125
364	3155
364	4932
364	3156
364	2742
364	5633
364	5244
364	5456
364	4187
364	8553
364	5384
363	5382
363	8288
363	2461
363	8310
363	8693
363	2743
363	8547
363	3803
362	3961
362	3843
362	8780
362	3813
362	8639
362	5342
362	5378
362	2931
361	8581
361	5216
361	4235
361	2919
361	3862
361	8691
360	5425
360	4915
360	4193
360	3027
359	3655
359	8244
359	3944
359	3119
359	5721
359	8700
358	8851
358	3963
358	8850
358	3865
358	5248
358	3020
358	8706
358	5528
358	3041
358	3842
358	4091
358	8233
358	8166
357	8833
357	2976
357	8784
357	5288
357	8635
357	5430
356	2722
356	2937
356	3822
356	8719
356	4075
355	3113
355	8240
355	2990
355	8597
355	8703
355	3874
355	5492
354	8792
354	2955
354	3954
354	8956
354	8702
354	8785
354	2003
354	8329
354	3631
354	5692
354	5738
354	8605
354	8239
354	8577
353	8576
353	8673
353	5757
352	8105
352	2446
352	5767
352	5768
352	2728
352	8672
352	8722
352	4032
352	8216
352	8220
352	3228
352	8312
351	8190
351	8724
351	3059
351	3040
351	3019
350	5445
350	8951
350	5714
350	5790
350	8561
350	2986
350	8300
350	3751
350	8314
349	5412
349	8680
349	3116
349	8193
348	8840
348	4549
348	3010
348	4142
348	5705
348	8189
348	2954
348	5484
348	3721
347	8197
347	5276
347	3000
347	5255
347	8778
347	8790
347	4546
346	5529
346	3910
346	3834
346	3816
346	2909
346	2737
346	2730
346	8768
346	8234
346	8549
346	5327
345	8112
345	5420
345	3734
345	8552
345	2760
345	4156
345	4104
344	2718
344	9001
344	5252
343	3772
343	3771
343	8423
343	4125
343	4908
343	8246
342	8158
342	8270
342	3187
342	8563
342	2454
341	8686
341	3823
341	3980
341	8647
341	3632
341	3759
341	8940
340	3999
340	5657
340	8849
340	8192
340	8854
340	8493
339	8177
339	4027
339	4023
339	8846
339	8779
339	5530
339	8173
339	8527
339	3061
339	8301
339	8162
338	5402
338	4117
338	3742
338	8654
338	8656
338	5302
338	3973
338	8551
338	2462
337	4033
337	8811
337	8698
337	5419
337	8444
337	3977
336	9010
336	2746
336	5303
336	4066
336	5400
336	3244
336	5488
336	8999
336	5838
336	3022
336	4106
336	8795
336	3746
335	8824
335	3607
335	3164
335	3970
335	3189
335	4109
335	8694
335	8725
335	4055
334	2893
334	3938
334	5478
334	8998
334	8692
334	2975
333	2761
333	8731
333	4560
333	8127
333	3161
333	8326
333	3227
332	4200
332	2727
332	5669
332	5263
332	3738
332	8803
332	8674
331	8172
331	2754
331	3011
330	5308
330	3951
330	8580
330	4930
329	5271
329	3821
329	8723
329	5668
329	3725
329	5703
328	8863
328	4250
328	4611
328	8541
328	8333
328	4148
327	4750
327	3029
327	2455
327	8284
327	8309
327	8836
326	2996
326	3186
326	8511
326	3629
326	3880
326	8594
326	8665
326	3722
326	2957
326	8590
326	4913
326	8640
326	8939
325	8591
325	3788
325	3182
325	3681
325	5435
325	5387
324	3797
324	2960
324	8491
324	4929
324	8860
324	5629
323	8954
323	2902
323	2768
323	3720
323	8259
323	3050
322	8191
322	8544
322	3794
321	2983
321	8159
321	3229
321	4928
321	3068
320	8210
320	8942
320	4550
320	8521
320	2927
320	3049
320	2918
320	2719
320	4100
320	8699
319	8198
319	8188
319	5713
319	8941
318	3162
318	2004
318	3745
318	3790
318	4191
318	4183
317	8446
317	5711
317	8934
317	5708
317	8516
316	5712
316	8170
316	2922
316	3044
316	4074
316	8726
316	8221
316	2748
316	2932
316	5267
316	4069
315	3694
315	8185
315	8574
315	3703
314	8630
314	2907
314	8623
314	4082
314	3883
313	8670
313	8657
313	3012
313	2891
313	8267
313	3043
313	4206
313	8848
312	2735
312	8287
312	4924
311	2962
311	8707
311	5257
311	5396
311	2982
311	5410
311	2770
311	5441
311	8841
310	2985
310	2731
310	5709
310	4151
310	8212
310	8938
310	8235
310	4059
309	8721
309	8578
309	8587
309	3687
309	2936
308	2736
308	4147
308	8737
308	8528
308	5887
308	2752
307	8787
307	3163
307	2921
306	3181
306	2908
306	4128
306	2911
306	8176
306	3958
305	2720
305	8540
305	4152
305	8128
305	8560
305	8661
304	8671
304	3042
304	7461
304	4224
304	8842
304	5670
304	8430
304	8632
304	8865
304	3959
303	2733
303	8443
303	5296
303	5379
302	4548
302	8305
302	5329
302	4048
302	8557
301	8524
301	8928
301	5434
301	5328
301	5438
301	8251
301	5666
301	4175
300	2988
300	3641
300	8258
300	4237
299	2963
299	8115
299	3837
299	8859
299	8324
298	3704
298	3009
298	8232
298	8905
298	4155
298	4154
297	8678
297	8111
297	5557
297	8690
296	5452
296	3689
296	8441
296	4040
295	8950
295	5718
295	3007
295	8186
295	8899
295	8165
295	8931
295	3173
294	8164
294	8659
294	8230
293	8688
293	2994
293	3123
293	8900
292	3177
292	4170
292	8669
292	3931
292	8958
292	8677
292	9055
292	5372
291	8683
291	8316
291	5259
290	8488
290	3765
290	8486
290	3733
290	4559
290	8449
290	2928
290	2920
289	5374
289	4552
289	8282
289	8970
289	8786
289	5280
289	5460
289	8681
288	8774
288	8181
288	8844
288	2925
287	8184
287	8179
287	2729
287	8964
287	8838
287	2935
287	2894
287	8666
287	8898
286	8529
286	8519
286	3946
286	8775
286	3870
286	8835
286	2987
286	8897
286	2973
285	9076
285	5315
285	2972
285	8437
285	8845
285	8572
285	3817
285	8325
285	8896
285	8619
284	8313
284	8929
284	5437
284	8308
283	3873
283	8687
283	3942
283	8629
283	8935
283	3741
283	8933
282	3820
282	3802
282	8582
282	8123
282	2930
282	8631
282	2002
282	8101
281	8498
281	8633
281	8979
281	8957
281	7437
281	8586
281	2965
280	5330
280	8515
280	8124
280	9000
280	8837
280	8187
280	8902
280	8182
279	8782
279	8451
279	2929
279	9018
279	5465
279	8627
279	8622
279	8974
278	2966
278	4927
278	7444
278	8331
277	3809
277	8943
277	7423
277	3804
277	3955
277	8348
277	8718
276	4022
276	8916
276	8425
276	8297
276	8161
276	8512
276	8567
275	3707
275	8225
275	8315
275	8571
275	8717
275	8689
275	8650
275	5367
274	8247
273	8770
273	8937
273	3006
273	3728
273	3716
273	7446
273	2916
273	8438
272	9009
272	5675
271	8427
271	9008
271	5383
271	4923
270	7395
270	8843
270	8620
270	8355
269	3178
269	3762
269	4047
269	8428
268	3172
268	8955
268	8332
268	2961
267	8679
266	8776
266	3180
266	8614
266	3795
266	8732
266	8869
266	8328
266	2984
266	8347
265	4914
265	4925
265	8442
265	8510
265	8930
265	3806
265	3031
264	8238
264	8569
263	8492
263	8960
263	5837
262	8685
262	8944
262	8369
262	5365
262	5386
262	8134
261	2914
261	8769
261	8144
261	3927
261	8564
260	8222
260	8448
260	8684
259	5272
259	8422
259	8145
259	8167
259	3724
259	8932
259	8452
258	8611
258	8522
258	5802
258	4103
257	5444
257	8445
257	2956
257	8107
257	8484
257	8463
257	8303
257	8615
257	3950
256	5337
256	8260
256	8508
256	5331
256	8973
255	2904
255	3818
255	8539
255	3731
255	8440
254	8936
254	8867
254	8871
253	2923
253	2001
253	8424
253	8285
253	2964
252	3018
252	8777
252	2917
251	8965
251	8336
251	8464
250	9011
250	5427
250	3706
250	9013
250	8891
250	4043
249	8356
249	8280
249	5898
249	8343
249	8275
249	8279
248	2744
247	8617
247	3039
247	3789
247	8337
247	8537
246	3805
246	8625
246	4916
246	8870
245	8286
245	5376
244	8327
244	8426
244	8969
244	7428
244	7424
244	5457
244	3737
244	8264
243	8447
243	8253
243	3744
243	5706
243	8793
243	3179
242	5336
242	8972
242	8963
242	4542
242	8949
241	8733
241	3691
241	8668
241	8458
241	8433
240	8265
240	8610
240	8501
240	8710
240	8895
240	8959
240	8228
239	8783
239	5676
238	4073
238	8208
238	8429
238	8504
238	3996
238	8967
237	8344
237	2977
237	8489
237	7426
236	8276
236	9080
236	8864
236	8781
235	8847
235	8268
235	8352
235	3815
235	8506
234	2903
234	2901
234	8523
233	5436
233	8366
232	8274
232	2905
232	2029
232	9007
232	8183
232	3727
231	8962
231	5373
231	8568
230	3808
230	5440
230	4203
230	8616
229	5332
229	8435
229	7383
229	9012
228	9081
228	8866
227	8461
227	5279
226	4179
226	3709
226	7445
226	8360
225	8975
224	2000
223	9004
223	8354
223	8749
223	8283
223	8485
223	8330
223	3819
223	8256
222	8502
222	8613
222	8462
222	8966
222	8634
221	5261
221	8245
221	5309
221	8281
221	5286
220	4039
220	8751
220	8340
219	8894
219	8137
219	5704
219	4561
219	5413
219	7209
218	5262
217	2745
217	8180
217	8514
217	5298
217	5439
217	8370
216	2007
216	8750
216	8907
216	8872
216	8532
216	8367
216	8339
216	8490
215	8961
215	3800
215	3976
213	8873
213	8175
213	8431
213	4633
213	8357
213	8890
212	8495
212	8131
212	4564
212	5275
212	5442
212	7369
212	8169
211	8535
211	8143
210	2926
210	8482
210	3801
210	5370
209	4214
209	4926
209	8487
208	8439
208	7457
207	8135
207	8538
207	5707
207	8432
206	7399
206	8926
205	5307
205	4199
205	8624
204	8255
204	8976
204	3710
204	8908
204	8269
204	8534
203	8277
203	7435
202	8503
202	8903
202	8740
202	3717
202	8479
202	7438
201	8748
201	8346
201	3712
201	8211
200	2924
200	8321
199	8612
199	8980
199	8757
199	8227
199	8925
199	9016
198	8904
198	4124
197	8909
197	8365
197	8139
195	4210
194	8168
194	3692
194	8457
193	8978
193	8507
193	8767
192	8525
191	8481
191	2388
190	7448
190	4131
190	3811
190	9019
190	8261
190	8546
190	8607
189	8345
189	8349
189	8363
189	7135
189	8608
188	8342
188	8271
188	8460
187	8494
187	2913
187	5532
187	9060
187	8317
186	8874
186	5278
186	9006
185	7396
185	8743
185	2028
185	8272
185	3761
185	7354
184	8254
184	8252
184	7371
183	8136
183	6000
182	8322
182	8741
182	7460
182	8226
182	8971
182	4635
182	7230
182	7425
182	8334
182	5990
180	3787
180	4150
180	7451
180	8875
180	8133
179	8906
179	3796
179	8915
179	8278
178	7282
178	8536
178	5258
178	8353
178	8977
177	4558
177	3740
176	8968
176	8262
176	8496
176	5300
175	8609
175	8323
175	4078
174	8747
174	8927
173	8129
173	8465
173	7382
173	3628
173	8273
172	3718
172	8745
172	8742
172	8981
172	8250
172	9014
172	9078
171	9079
171	5335
171	7284
171	8371
170	7427
170	4195
169	8257
169	9015
168	3776
168	7452
167	5334
167	3758
167	5339
167	8920
167	7239
166	3708
166	7439
165	8912
165	4026
165	7308
165	7260
165	8338
164	8746
164	8500
164	8754
163	3729
163	7421
163	8918
163	8266
163	9071
162	8876
162	8341
162	8756
162	8877
161	8362
161	7430
161	8758
161	8917
161	7277
161	8263
161	8142
160	8434
160	8358
160	2912
159	5274
159	8497
159	8483
159	8509
159	8759
159	8318
159	9020
158	8883
157	5317
157	5306
157	3812
157	5677
157	7453
156	7429
156	7375
156	8880
156	7261
156	9017
155	8436
155	8911
155	8421
155	7134
155	2010
155	8364
154	8919
154	5313
154	7459
154	7279
154	3793
154	8359
153	8505
153	4918
153	3736
153	8892
152	3775
152	7299
152	7433
152	8910
151	8319
151	7456
151	9054
151	8473
151	8351
150	7232
150	7434
150	8626
150	8335
149	7264
149	8472
149	9002
149	7221
148	7466
147	7290
147	7324
146	7368
146	8478
146	7370
146	7271
146	7303
146	7291
145	7207
145	5270
145	8923
145	7293
144	7218
144	7262
144	7233
144	7258
144	7220
143	7465
143	7268
143	8878
143	7462
143	7351
143	7431
142	7274
141	2011
141	7266
141	7310
141	8924
141	2027
141	7276
140	8744
140	7198
140	7033
140	5398
140	7243
140	7270
139	7366
139	7320
139	7235
139	3715
139	7240
138	7301
138	8901
138	8773
138	7286
137	8997
137	7313
137	6991
137	3791
137	8913
137	2022
136	7283
136	7408
136	7278
136	7377
135	7440
135	7322
135	7455
134	7422
134	5883
134	9075
134	8499
134	7294
133	7364
132	7272
132	7226
132	7253
132	7367
131	9024
131	7069
131	7321
131	7347
131	7269
131	7432
131	8372
131	7259
131	7289
130	7302
129	7263
129	5254
129	3735
129	7300
129	7415
128	7391
128	7464
128	8361
128	8459
128	9070
128	3757
128	8320
127	9032
127	7372
127	9074
127	8914
127	8753
126	7345
126	7315
126	9021
126	8138
126	8130
125	7280
125	7304
125	8760
125	7420
125	7298
124	7231
124	8763
124	8223
123	7400
123	7275
122	9056
122	7292
122	8879
122	7353
122	8468
121	7392
121	7288
121	7328
121	7352
121	7307
120	7441
120	7296
120	7412
120	2020
120	9027
119	7305
119	7228
119	7211
119	7197
119	8248
118	7404
118	8922
118	7387
117	8141
117	7402
117	7458
117	8772
117	7329
117	4841
116	7326
116	7378
116	7394
116	7398
116	7309
115	7123
115	7463
115	7180
115	7216
115	7234
115	7236
114	7255
114	7223
113	8771
113	7041
113	8249
113	7281
112	7224
112	7312
112	7167
112	9034
112	7267
112	7217
112	7325
111	7254
111	7227
111	7306
111	7257
111	2026
110	7318
110	7070
110	8762
110	7319
109	7471
109	8991
109	2262
109	7442
109	7295
108	8477
108	7443
108	7237
108	7238
107	7000
107	9023
107	7314
106	5301
106	7401
106	7241
106	7470
105	7331
105	7287
104	7450
104	7346
103	7001
103	8476
103	8467
103	7317
103	7374
102	7057
102	1295
102	9073
102	7316
102	7256
101	7418
101	9022
101	9026
101	7336
101	3786
101	7297
101	8376
100	8885
100	8395
100	2025
100	7194
100	9003
100	8755
100	7062
100	7222
99	8466
99	7117
99	7311
98	2021
98	7064
98	7067
98	7327
98	8474
98	7010
98	7153
97	8988
97	3798
97	7118
97	7031
97	7205
97	7102
97	9053
97	8475
97	7407
97	8893
97	7449
97	7468
96	7192
96	2012
96	3713
96	8752
95	8984
95	7411
95	7397
95	7193
95	8996
95	5312
94	7210
94	7349
94	7056
94	7212
93	7323
93	7265
93	6008
93	7013
93	5266
93	7038
93	7044
92	7082
92	7113
92	9025
92	9072
92	7219
92	7244
92	7035
92	7393
92	7330
92	7273
91	7406
91	7046
91	8990
91	7203
91	7362
91	7214
91	7414
91	7195
91	7027
91	7208
90	2023
90	7337
90	7416
90	8593
90	7093
89	8945
89	7363
89	8471
89	7403
89	8368
89	7043
89	7045
89	7373
89	7101
89	7350
89	7032
88	9031
88	7030
88	7050
88	8764
88	7115
88	8381
88	2008
88	7037
88	8350
88	7454
88	7095
88	7063
87	7052
87	7405
87	7419
87	8766
87	7072
87	3714
86	9069
86	7182
86	7058
86	7215
86	7080
86	7199
86	7042
85	7023
85	8470
85	7112
85	7213
85	8994
84	7344
84	2016
84	7380
83	7125
83	7206
83	7040
83	8987
82	7467
82	7388
82	7385
82	7245
82	7007
82	7196
82	7338
82	7124
81	7225
81	7028
81	7355
81	7081
81	7002
81	7048
80	7168
80	8379
80	7409
80	7379
80	7094
80	7103
80	7202
79	2030
79	5305
79	9029
79	9033
79	7381
79	8821
79	7054
78	7011
78	7012
78	7201
78	7026
78	7376
78	7084
78	7106
77	7137
77	7157
77	7128
77	7047
77	7100
77	7120
77	2024
76	5299
76	7191
76	8469
76	9028
75	7059
75	7051
75	7016
75	7229
75	7390
75	7061
74	7017
74	7348
74	5910
74	7005
74	7071
74	8382
74	7078
74	7022
74	7020
73	7009
73	7098
73	7109
73	7365
73	7417
73	8948
73	8993
73	8380
73	2013
73	7158
72	7086
72	7386
72	5310
72	7090
72	7083
72	7285
71	7092
71	7242
71	9059
71	7029
71	7146
71	7126
71	7189
70	7097
70	7252
70	7105
69	7339
69	8377
69	8378
69	9057
69	3739
69	7036
68	7039
68	5909
68	7021
68	7114
68	7034
67	5908
67	7075
67	7025
67	7187
67	7136
66	3799
66	2015
66	7171
66	7410
66	3730
66	7361
66	7246
66	7077
66	7111
65	7249
65	7248
64	7088
64	7104
64	7024
64	7169
64	8761
63	7107
63	7085
63	8765
63	2017
63	7116
63	7060
62	7179
62	5287
62	7014
62	7019
62	7079
62	7121
62	7127
62	7174
62	7200
62	9030
62	8383
61	7469
61	7333
61	7004
61	7091
61	7053
61	7006
60	7159
60	7342
60	7250
60	7204
60	7073
60	8983
60	7181
59	7332
59	7089
59	8480
59	9052
59	7076
59	2014
58	7099
58	5976
58	7413
58	7164
58	7163
58	7177
58	7149
58	3625
58	7049
58	7068
57	7110
57	8887
57	7384
57	7140
57	7335
56	7074
56	3743
56	5911
56	7184
56	7247
56	7129
56	7143
56	7165
55	5944
55	7132
55	7122
55	7096
55	7066
55	7018
55	8399
55	7389
54	8888
54	7055
54	7087
54	7190
54	7343
54	8396
53	7065
53	8982
53	7162
53	7015
53	7148
52	7186
52	7108
52	7145
52	7341
51	7119
51	7152
51	5904
51	7356
51	7185
50	5900
50	5934
50	1937
50	7141
50	7183
49	8374
49	8985
49	7170
49	7360
49	5333
49	5888
48	7173
48	5989
48	5956
48	7003
48	7131
48	1729
47	6006
47	7147
47	7155
47	8398
47	5906
47	7340
46	5977
45	9061
45	7178
45	7334
45	5945
45	5941
45	7138
45	7160
45	7251
44	7156
44	7154
44	9035
44	7172
44	7176
44	5899
43	6004
43	7142
42	5943
42	7144
42	5960
42	8373
41	5292
41	9067
41	7188
41	3858
41	1120
40	7175
40	7161
40	7151
40	7130
40	7517
39	8986
39	7166
39	7008
38	5884
38	5975
38	8946
38	8384
37	3626
37	7139
37	5905
36	5965
36	7150
35	1316
35	6007
35	7133
34	5316
34	3627
34	3756
34	5933
33	9058
33	5959
33	1510
32	8394
32	5907
31	8389
31	9065
31	7503
31	5947
30	8375
30	5939
30	7537
30	3792
30	5304
29	5936
29	7542
29	1739
29	5974
29	5338
29	8390
29	5935
28	5930
28	7526
28	1401
28	8420
28	5971
27	9066
27	5942
27	7541
27	9062
27	5886
27	8385
27	8401
27	1151
27	1254
26	8410
26	1967
26	5931
26	8414
26	1488
26	5978
26	5885
25	5988
25	1448
25	1714
25	8397
25	1331
25	5973
24	5903
24	7527
24	8882
24	5940
24	7539
23	9068
23	1507
23	8391
23	5968
23	1816
23	1704
22	5972
22	6002
22	6005
22	9064
22	7544
22	5958
21	5938
21	5961
21	5946
21	8393
21	7532
21	1008
21	5927
20	1293
20	5955
20	5954
20	5902
20	5889
20	1513
20	1742
20	1267
20	8392
20	8416
20	5311
19	5929
19	7531
19	6700
19	1861
19	1528
19	1749
18	1179
18	8408
18	1028
18	1813
18	7513
18	1465
18	7521
18	5901
18	1082
17	7535
17	1182
17	7536
17	1779
17	8406
17	5937
17	1194
17	6992
17	7538
17	1748
17	1801
16	1214
16	1215
16	1216
16	7510
16	8400
16	1189
16	1244
16	5967
16	1279
16	1280
16	8413
16	1653
16	1015
16	1743
16	1968
16	1228
16	1042
16	1051
16	7545
16	1099
16	7524
16	1941
16	9049
16	1950
15	1892
15	5970
15	1895
15	1927
15	7533
15	7540
15	5969
15	1059
15	5932
15	1157
15	1558
15	5966
15	1058
14	7508
14	1127
14	7504
14	1851
14	1460
14	1141
14	1248
14	1602
14	1849
14	8386
14	1716
14	1755
14	1635
14	5890
14	1412
14	1548
14	1378
14	2201
14	1043
14	1290
14	8411
14	5957
14	7522
13	5987
13	1374
13	5964
13	1394
13	1138
13	1707
13	1380
13	1056
13	1936
13	7529
13	1468
13	1260
13	1174
13	5891
13	1282
13	1021
13	8415
13	1084
13	1020
13	1909
13	8417
13	1328
13	1133
13	1135
12	1262
12	1889
12	1886
12	1393
12	8409
12	1933
12	1498
12	1049
12	1744
12	1883
12	7501
12	1932
12	7519
12	1229
12	1193
12	1672
12	5915
12	1030
12	1620
12	1191
12	5926
12	1023
12	6003
12	5953
12	1237
12	1045
12	1766
12	1147
12	8989
12	1875
12	1139
12	1616
12	1202
12	1001
12	1843
12	7523
12	1938
12	1850
12	1177
12	7528
12	1854
12	7543
12	1068
12	1009
12	1975
12	1878
11	1231
11	1913
11	1924
11	1930
11	1957
11	1958
11	7534
11	1537
11	1052
11	2205
11	1571
11	1674
11	1612
11	1235
11	1126
11	1686
11	1536
11	1387
11	1140
11	1720
11	1531
11	1144
11	2202
11	1634
11	7518
11	1036
11	1332
11	1529
11	1011
11	1005
11	1155
11	1159
11	5916
11	1086
11	1810
11	1281
11	8412
11	1268
11	1089
11	1519
11	1234
11	1188
11	8402
11	1872
11	1874
11	1190
11	7512
11	1910
10	1357
10	1665
10	1490
10	1173
10	1143
10	1223
10	1343
10	1411
10	1415
10	1164
10	5928
10	1656
10	1657
10	1370
10	1340
10	1012
10	1142
10	1701
10	1100
10	1044
10	1728
10	7525
10	1922
10	1926
10	1063
10	1128
10	1644
10	1870
10	2200
10	1867
10	1321
10	1492
10	1212
10	1853
10	7509
10	1154
10	1907
10	1186
10	1846
10	1106
10	1836
10	1209
10	1752
10	8405
10	1137
10	1156
10	1596
10	1250
10	1756
10	1176
10	1902
10	1408
10	1757
10	1270
10	1652
9	1702
9	1727
9	9063
9	1692
9	1152
9	1738
9	1920
9	1618
9	1751
9	1919
9	1067
9	1095
9	1765
9	1124
9	1123
9	5952
9	1778
9	1074
9	1781
9	1782
9	1784
9	1226
9	1096
9	1811
9	1556
9	1812
9	1220
9	1431
9	1278
9	1274
9	1272
9	1269
9	1916
9	1264
9	1552
9	1258
9	1257
9	1146
9	1817
9	1973
9	1097
9	1912
9	1826
9	1178
9	1893
9	1959
9	1845
9	1847
9	1240
9	9040
9	1547
9	1855
9	1117
9	1211
9	9121
9	1494
9	1047
9	1628
9	1066
9	1631
9	1715
9	1876
9	1362
9	1359
8	1070
8	1256
8	1976
8	1703
8	1814
8	1017
8	1903
8	1737
8	1818
8	1603
8	1820
8	1974
8	1399
8	1078
8	1407
8	1696
8	1376
8	1061
8	1150
8	1503
8	1647
8	1833
8	8404
8	1568
8	7515
8	1181
8	1915
8	1221
8	1373
8	1844
8	1530
8	1311
8	7507
8	1080
8	1894
8	1115
8	1676
8	1553
8	1241
8	1421
8	1040
8	7530
8	1149
8	1121
8	1013
8	1161
8	1559
8	1764
8	5912
8	8884
8	1978
8	1112
8	1171
8	1029
8	1428
8	1888
8	1275
8	1763
8	1187
8	1213
8	1917
8	1039
8	1601
8	1935
8	1761
8	8947
8	1081
8	1322
8	1458
8	1869
8	1271
8	1651
8	5948
8	1130
8	1569
8	1440
8	1299
8	1954
8	1002
8	1451
8	1300
8	1585
8	1496
8	1381
7	1567
7	1578
7	1587
7	1055
7	1592
7	1459
7	1598
7	1599
7	1069
7	1554
7	1611
7	1613
7	1456
7	1630
7	1643
7	1453
7	1650
7	1658
7	1660
7	7506
7	7511
7	7520
7	1545
7	1540
7	1060
7	1452
7	1439
7	1050
7	1435
7	1429
7	1668
7	1077
7	1409
7	1683
7	1688
7	1405
7	1691
7	1705
7	1487
7	1372
7	1534
7	1368
7	1533
7	1038
7	1353
7	1007
7	1730
7	1342
7	1740
7	1741
7	1314
7	1306
7	1753
7	1303
7	1758
7	1759
7	1769
7	1031
7	1772
7	1774
7	1775
7	1780
7	1789
7	1277
7	1276
7	1259
7	1088
7	1246
7	1835
7	1027
7	1863
7	1879
7	1880
7	1881
7	1517
7	1514
7	1497
7	1475
7	1499
7	1232
7	1230
7	1896
7	1901
7	9158
7	1911
7	9037
7	1923
7	1928
7	1929
7	1464
7	9041
7	1203
7	1946
7	1014
7	1949
7	1953
7	1105
7	1966
7	1192
7	1108
7	1183
7	1977
7	1170
7	1165
7	1136
7	1019
7	2203
7	1122
7	1116
6	1225
6	1905
6	1469
6	1965
6	9051
6	7502
6	1054
6	1478
6	5893
6	1882
6	1518
6	1479
6	1640
6	1485
6	1877
6	1094
6	1858
6	1857
6	1848
6	1071
6	1184
6	1109
6	1636
6	1842
6	1520
6	1180
6	1830
6	1090
6	1972
6	1251
6	1824
6	1821
6	1815
6	1255
6	1633
6	1261
6	1263
6	1265
6	1283
6	1087
6	1286
6	1624
6	1795
6	1979
6	1287
6	1167
6	1791
6	5962
6	1788
6	1163
6	1771
6	1770
6	1160
6	1527
6	1158
6	1298
6	1754
6	1308
6	1746
6	1006
6	1336
6	1339
6	1736
6	1341
6	1735
6	1148
6	1732
6	1358
6	1361
6	1725
6	1369
6	1486
6	1712
6	1385
6	1046
6	1706
6	1397
6	1609
6	1700
6	1698
6	1403
6	1132
6	1597
6	1693
6	1129
6	1689
6	1687
6	1685
6	1577
6	1410
6	1678
6	1677
6	1574
6	1925
6	1423
6	1940
6	1076
6	1918
6	1102
6	9039
6	9042
6	1466
6	1434
6	1663
6	7516
6	1210
6	9050
6	1104
6	1564
6	1219
6	1662
6	1224
5	1000
5	1010
5	1022
5	1025
5	1026
5	1033
5	1035
5	1037
5	1041
5	1057
5	1062
5	1073
5	1085
5	1093
5	1103
5	1111
5	1114
5	1118
5	1119
5	1131
5	1162
5	1172
5	1175
5	1217
5	1218
5	1222
5	1227
5	1242
5	1266
5	1285
5	1288
5	1292
5	1307
5	1309
5	1310
5	1324
5	1346
5	1350
5	1355
5	1360
5	1371
5	1377
5	1379
5	1382
5	1384
5	1386
5	1389
5	1392
5	1416
5	1437
5	1438
5	1442
5	1443
5	1462
5	1463
5	1491
5	1515
5	1525
5	1526
5	1535
5	1538
5	1544
5	1546
5	1562
5	1563
5	1591
5	1593
5	1594
5	1604
5	1605
5	1626
5	1639
5	1642
5	1645
5	1659
5	1671
5	1673
5	1682
5	1710
5	1723
5	1726
5	1760
5	1762
5	1767
5	1776
5	1777
5	1793
5	1809
5	1819
5	1825
5	1827
5	1831
5	1837
5	1852
5	1862
5	1884
5	1887
5	1891
5	1904
5	1906
5	1908
5	1914
5	1943
5	1947
5	1951
5	1955
5	1960
5	1969
5	1970
5	1971
5	5963
5	5980
5	5981
5	7514
5	8407
5	8419
5	8992
5	9048
4	8403
4	6990
4	6001
4	5949
4	5913
4	2204
4	1964
4	1961
4	1956
4	1952
4	1944
4	1921
4	1900
4	1899
4	1885
4	1864
4	1839
4	1832
4	1829
4	1822
4	1805
4	1803
4	1802
4	1798
4	1787
4	1786
4	1785
4	1750
4	1747
4	1745
4	1724
4	1722
4	1719
4	1718
4	1713
4	1711
4	1699
4	1697
4	1679
4	1667
4	1666
4	1655
4	1654
4	1648
4	1646
4	1623
4	1619
4	8886
4	1590
4	1589
4	1584
4	1579
4	1576
4	1573
4	1566
4	1565
4	1560
4	1539
4	1523
4	1511
4	1502
4	1500
4	1495
4	1493
4	1489
4	1482
4	1472
4	1467
4	1457
4	1455
4	1447
4	1445
4	1441
4	1433
4	1432
4	1430
4	1425
4	1424
4	1418
4	1404
4	1402
4	1400
4	1396
4	1391
4	1390
4	1388
4	1383
4	1367
4	1365
4	1363
4	1352
4	1351
4	1344
4	1338
4	1333
4	1294
4	1289
4	1284
4	1273
4	1253
4	1247
4	1245
4	1239
4	1236
4	1233
4	9038
4	1206
4	1200
4	1198
4	1195
4	1185
4	1168
4	1113
4	1107
4	1101
4	1098
4	1079
4	1072
4	1065
4	1048
4	1016
4	1003
3	5896
3	2206
3	1313
3	1312
3	1963
3	1962
3	1305
3	1504
3	1302
3	1091
3	1945
3	1939
3	1931
3	1297
3	1898
3	1890
3	1871
3	1868
3	1866
3	1865
3	1083
3	1860
3	1841
3	1621
3	1838
3	1834
3	9665
3	1828
3	1252
3	1808
3	1806
3	1249
3	1483
3	1617
3	1799
3	1243
3	1481
3	1790
3	1238
3	1477
3	1773
3	1476
3	1208
3	1733
3	1207
3	1721
3	1064
3	1201
3	1709
3	1470
3	1053
3	1694
3	1690
3	1684
3	1681
3	1680
3	1670
3	1669
3	1610
3	1034
3	1454
3	1649
3	1197
3	1446
3	1607
3	1436
3	1600
3	1595
3	1426
3	1169
3	1420
3	1413
3	8388
3	1398
3	1637
3	1153
3	1583
3	1581
3	1364
3	1145
3	1354
3	1125
3	1349
3	8995
3	1347
3	1632
3	1337
3	1110
3	1330
3	1629
3	1327
3	1557
3	1627
3	1550
3	7505
3	1541
3	1625
3	6713
3	1320
3	1516
3	5950
3	1512
3	1092
3	1509
2	9773
2	1024
2	1570
2	1856
2	1606
2	1840
2	1532
2	8418
2	6730
2	1075
2	9092
2	1335
2	1484
2	1505
2	1561
2	1807
2	1664
2	1422
2	1804
2	6715
2	1419
2	1800
2	9136
2	1417
2	1797
2	1796
2	1794
2	1414
2	1622
2	1480
2	1166
2	9142
2	1783
2	1641
2	1768
2	9931
2	1325
2	1474
2	1734
2	9172
2	1731
2	1395
2	1615
2	1661
2	8387
2	1205
2	1717
2	1471
2	5925
2	1555
2	1708
2	1582
2	1199
2	1695
2	1366
2	1580
2	1521
2	1506
2	1134
2	1614
2	1675
2	1301
2	1942
2	1323
2	1934
2	1575
2	1549
2	1296
2	1501
2	9661
2	1897
2	6742
2	1291
2	1873
2	5979
2	1572
2	1032
1	9314
1	1196
1	1638
1	9667
1	9678
1	1608
1	8881
1	9694
1	8889
1	1588
1	1586
1	9699
1	9712
1	1551
1	1524
1	1522
1	1508
1	9948
1	9965
1	9966
1	1473
1	1461
1	9972
1	1450
1	1449
1	1444
1	1018
1	9083
1	1427
1	9107
1	1004
1	1406
1	9145
1	9185
1	9187
1	9210
1	9229
1	1375
1	9241
1	9253
1	9255
1	1356
1	9292
1	9975
1	1348
1	9316
1	9332
1	1334
1	9374
1	1329
1	7602
1	7601
1	7547
1	7546
1	6890
1	6741
1	6732
1	6731
1	6719
1	6710
1	5985
1	5984
1	5983
1	1319
1	5924
1	5918
1	5914
1	1315
1	5895
1	1304
1	1948
1	9385
1	9400
1	9496
1	9539
1	9552
1	1823
1	9562
1	9586
1	1792
1	9596
1	9611
1	9622
1	9036
1	9624
1	9657
1	1204
1	9043
1	9045
1	9047
1	9985
